-7.037171e-01 2.544713e-02 -7.100245e-01 6.641406e+02 8.394656e-02 9.953361e-01 -4.752818e-02 -9.951545e+00 7.055036e-01 -9.305049e-02 -7.025712e-01 9.616703e+01
-6.874673e-01 2.498717e-02 -7.257853e-01 6.635480e+02 8.057410e-02 9.958619e-01 -4.203485e-02 -9.983917e+00 7.217316e-01 -8.737706e-02 -6.866358e-01 9.561348e+01
-6.700028e-01 2.370287e-02 -7.419801e-01 6.629511e+02 7.251518e-02 9.967999e-01 -3.363749e-02 -1.001919e+01 7.388084e-01 -7.634201e-02 -6.695776e-01 9.506952e+01
-6.510249e-01 2.137559e-02 -7.587553e-01 6.623373e+02 6.312538e-02 9.976654e-01 -2.605649e-02 -1.005144e+01 7.564270e-01 -6.486013e-02 -6.508544e-01 9.453464e+01
-6.310920e-01 1.821553e-02 -7.754941e-01 6.616931e+02 5.470138e-02 9.982805e-01 -2.106707e-02 -1.007472e+01 7.737769e-01 -5.571584e-02 -6.310032e-01 9.400972e+01
